genes logFC logCPM PValue FDR
ZT3D7_G9064 -3.17307890540159 10.2696887754858 5.07069499845788e-20 4.17521026173022e-16
ZT3D7_G10335 5.19056655625384 8.56756553185701 8.18847368840186e-17 3.37119461751505e-13
ZT3D7_G7782 -2.8782217682107 10.0805909380737 3.80081089992789e-16 1.04319589833354e-12
ZT3D7_G8504 9.08094974200301 7.8958816172794 1.06438112477642e-15 2.07892628481101e-12
ZT3D7_G7837 -3.39931979643475 15.9465818148276 1.26240362206158e-15 2.07892628481101e-12
ZT3D7_G10163 9.03901302796481 7.85945437383171 2.41956342210825e-15 3.32044753627323e-12
ZT3D7_G7838 -3.43611494254046 16.0596869269137 3.77788353877766e-15 4.44387043689932e-12
ZT3D7_G7791 -2.97788082043227 10.0509526352887 3.25038382095569e-14 3.34545754771864e-11
ZT3D7_G7633 -3.03888616026872 9.09824595856831 1.67768237890359e-11 1.47255439782693e-08
ZT3D7_G9653 -3.43416750487987 8.54421987904779 1.78838280037276e-11 1.47255439782693e-08
ZT3D7_G6193 5.30852930583784 9.33083596944072 4.58393170987242e-11 3.21382722673562e-08
ZT3D7_G5547 -3.85268202478279 7.98589322339611 4.68374140403539e-11 3.21382722673562e-08
ZT3D7_G451 8.34437364277424 7.26732337613248 5.39744008984726e-11 3.41865551536941e-08
ZT3D7_G4535 8.32860175576598 7.25431068043234 5.89901704113685e-11 3.46946473690863e-08
ZT3D7_G5121 8.73696186322542 7.60197992549978 1.40858151623115e-10 7.73217346976487e-08
ZT3D7_G7788 -2.65226080778542 9.70277747694828 1.69395402464671e-10 8.71751089933813e-08
ZT3D7_G941 7.94188173451043 6.93402234030883 7.25303889096894e-10 3.51303071930813e-07
ZT3D7_G4188 4.30872254629235 8.14311731776611 9.57896238201235e-10 4.38184312519387e-07
ZT3D7_G9746 3.97855845495947 8.16600753080768 2.07935819359244e-09 8.33546797077935e-07
ZT3D7_G7722 -2.5856513077222 8.05828259213938 2.1134297618472e-09 8.33546797077935e-07
ZT3D7_G7750 -3.26235052129716 7.78112077847771 2.16078950480001e-09 8.33546797077935e-07
ZT3D7_G630 7.89732025443257 6.89792828165376 2.22711070387595e-09 8.33546797077935e-07
ZT3D7_G618 7.71629918342009 6.75064533135757 1.17279760624974e-08 4.19861543037406e-06
ZT3D7_G2243 7.69506663567958 6.73418303087335 1.65577312689219e-08 5.68068163617929e-06
ZT3D7_G5851 3.00269236472815 8.88847020882236 1.97391530944314e-08 6.50128746318194e-06
ZT3D7_G2242 7.6253085714947 6.67816645698565 2.16927076304136e-08 6.86991363957022e-06
ZT3D7_G9858 -2.52338084411721 7.86929785760304 4.34572607663508e-08 1.28476940050337e-05
ZT3D7_G2020 4.10202878444172 7.13772135917614 4.36890250353345e-08 1.28476940050337e-05
ZT3D7_G4980 7.6561298984801 6.70220339806395 5.53343559068142e-08 1.57111409150589e-05
ZT3D7_G7157 7.84297563403283 6.85310896139629 6.62321017028065e-08 1.8178504180697e-05
ZT3D7_G1914 4.78042539324516 6.94335758064357 9.11530848592914e-08 2.42114355074647e-05
ZT3D7_G3896 3.73022559618119 7.67279427342633 1.50873442716077e-07 3.88216227288805e-05
ZT3D7_G7161 -7.20772912554861 5.44112371639232 1.77802712697144e-07 4.43644707984328e-05
ZT3D7_G7549 3.83986583607594 8.75719070806256 1.86371536860066e-07 4.5134801014876e-05
ZT3D7_G7831 -2.60785667925075 8.28328576862936 1.92545776012622e-07 4.52977691339407e-05
ZT3D7_G4259 -3.17813144392165 6.11616289549221 2.47425702211653e-07 5.65917564447432e-05
ZT3D7_G6567 -2.71167534556367 7.3985028697997 2.67324401351803e-07 5.94905167765066e-05
ZT3D7_G2241 7.33253248056251 6.44534058661167 3.13644345420924e-07 6.79617773735759e-05
ZT3D7_G9756 -2.95456664960891 7.12734179486656 3.22437666469348e-07 6.80756857874003e-05
ZT3D7_G1489 5.09372106442254 7.17736962330295 3.80669828863704e-07 7.83608842715935e-05
ZT3D7_G5704 7.75070439833724 6.78248627274615 4.06486447709323e-07 8.16343758643552e-05
ZT3D7_G2377 7.50438858143441 6.57865309363824 4.62097659201891e-07 9.05931458540089e-05
ZT3D7_G8219 4.04217381361592 7.10532897070396 4.80920059801385e-07 9.20905993582466e-05
ZT3D7_G5974 -2.20143714182898 8.11718144876131 5.63352617609523e-07 0.000105423760304473
ZT3D7_G7847 5.00792801435345 7.13895975266709 8.06552192082836e-07 0.000144592747514938
ZT3D7_G11249 -6.11660854578474 5.73004732160762 8.07780712373957e-07 0.000144592747514938
ZT3D7_G8544 2.78754190618101 8.28121308740841 8.76777549295084e-07 0.000153603964699909
ZT3D7_G4705 1.66633491420774 9.98759786277722 1.46301695380152e-06 0.000250968366616703
ZT3D7_G6713 2.86221589597931 7.46398333464493 2.32798110915056e-06 0.000391195845974402
ZT3D7_G9283 5.2087258891327 7.3090840475295 3.06237722124129e-06 0.000504312280794016
ZT3D7_G1750 3.31867506113926 6.9785117083015 3.18552002242512e-06 0.000514305330679381
ZT3D7_G3616 -2.26094531909629 8.86424928464142 3.34250955670524e-06 0.000529273532498287
ZT3D7_G7783 -2.47412607315293 7.88779887649942 3.90023779108187e-06 0.000605935056071097
ZT3D7_G7808 -2.08421843469496 7.94299493737605 4.20701865075601e-06 0.000641492436487499
ZT3D7_G6563 3.03199652694745 9.01315792248528 4.29481522316687e-06 0.000642972882682836
ZT3D7_G527 -1.66568613210988 10.9121905549842 4.43422979319812e-06 0.000651990144949881
ZT3D7_G4534 7.19904584928311 6.34075654604729 5.04402959707002e-06 0.00072608419312452
ZT3D7_G2112 2.865374642804 7.2162073308467 5.114510954727e-06 0.00072608419312452
ZT3D7_G11383 3.74129708118573 6.84706087143189 5.51992149418532e-06 0.000770356501408846
ZT3D7_G3209 2.74902008956613 8.29899990451161 6.00946053221538e-06 0.000812476123878096
ZT3D7_G9782 6.95488274212253 6.15243105178244 6.01907257184404e-06 0.000812476123878096
ZT3D7_G7938 -4.32000995114057 5.29331687268921 6.13034950309323e-06 0.000814149964652737
ZT3D7_G1667 2.56531082779367 11.7491822560706 6.54097242378395e-06 0.000843424574350517
ZT3D7_G4338 -1.43852096248311 13.0526291095434 6.5613910260975e-06 0.000843424574350517
ZT3D7_G17 2.7190640720387 8.55513091847279 6.65807594520083e-06 0.000843424574350517
ZT3D7_G10630 6.94848905732262 6.14730903573595 7.82401544460414e-06 0.000975718177019728
ZT3D7_G10159 4.68019922519239 6.86491367515845 7.93941193348576e-06 0.000975718177019728
ZT3D7_G10854 -2.99674449318393 5.87826059557143 8.31014982704498e-06 0.00100626137758659
ZT3D7_G2172 2.27801041144326 9.32075750925966 9.00820128255439e-06 0.00107497868638482
ZT3D7_G770 4.16968217657016 6.44717844332526 9.50524292887514e-06 0.00111808814680511
ZT3D7_G5308 3.52723857179452 6.68411171026545 9.95328092493757e-06 0.0011543002131822
ZT3D7_G10334 6.97216124138532 6.16520722205176 1.14826043286782e-05 0.0013131633894769
ZT3D7_G7499 2.26361216074011 8.29613372488297 1.19869710701123e-05 0.00135206465467541
ZT3D7_G5941 -1.65057114716651 8.4462473704121 1.21739452712592e-05 0.00135459818058849
ZT3D7_G11140 6.79588397269023 6.03194650949222 1.30302229946429e-05 0.0014305447485052
ZT3D7_G8709 -2.58039664286147 6.28266049924299 1.36582790518965e-05 0.00147976670675415
ZT3D7_G6734 2.15446496310384 8.39074697048898 1.50921588801272e-05 0.00161388098985672
ZT3D7_G2240 6.872936665831 6.08778448800771 1.56818392900363e-05 0.00165543929120717
ZT3D7_G3383 -1.99448387877445 7.34525532816906 1.61829256342313e-05 0.00168671151483874
ZT3D7_G4802 -1.97581870643554 8.52342338350315 1.71275499765588e-05 0.00176285308133732
ZT3D7_G7754 -2.62972003175144 7.49609209766797 1.77618155938538e-05 0.00180556530370114
ZT3D7_G7646 -2.29987775378982 6.9961574252653 1.87061928721699e-05 0.00187837551352984
ZT3D7_G466 6.71578205816696 5.971213136964 2.00504738766895e-05 0.00198910363735736
ZT3D7_G1457 3.02651320035032 7.07728362783685 2.17114818446021e-05 0.00212824216081493
ZT3D7_G2053 4.00641440978999 6.32335130555288 2.40153633846977e-05 0.00232638237776001
ZT3D7_G4092 6.64765141826947 5.92005441170757 2.48318723845733e-05 0.00237750740947182
ZT3D7_G5098 6.58662793085568 5.87532549517401 2.60028156949613e-05 0.00246100211991162
ZT3D7_G6446 3.19460820932432 7.50602504370057 2.6413580094422e-05 0.00247147066474398
ZT3D7_G5586 3.66434347840221 6.82210880947512 2.68741975203846e-05 0.00248037097944683
ZT3D7_G8367 6.8260229477105 6.05465693078037 2.71111717452289e-05 0.00248037097944683
ZT3D7_G2131 2.11436645969865 8.23423432501698 2.85702755641786e-05 0.00258513899994996
ZT3D7_G1303 -1.70385188880097 7.93077494286309 3.0441386696998e-05 0.00272450410938132
ZT3D7_G1124 2.19679875994889 8.1186522494212 3.31415883054053e-05 0.00292096613526997
ZT3D7_G8141 7.14301884335394 6.30540615319318 3.33459821126278e-05 0.00292096613526997
ZT3D7_G8192 6.54711652603956 5.84654261576124 3.64294440504435e-05 0.00315747412959317
ZT3D7_G814 6.55391712460863 5.85177069399483 3.88975833323767e-05 0.00333627813707073
ZT3D7_G4375 -1.599601246276 10.8668633544202 3.99535993634193e-05 0.00339152512534428
ZT3D7_G981 -2.40540811893991 6.87568173076611 4.11753095429077e-05 0.0034595663140439
ZT3D7_G8671 1.72312608245011 8.65618364879658 4.22657522751002e-05 0.0035153151942745
ZT3D7_G3382 -2.65054751087361 5.91401712237852 4.38199914404346e-05 0.00360813809520538
ZT3D7_G8858 1.6159937951767 9.80694598372143 5.23261228532082e-05 0.00426587421359719
ZT3D7_G7133 -3.38952822510613 5.30081811187292 5.56690760732237e-05 0.00449391345477377
ZT3D7_G8455 3.86645021725457 7.40039429974356 5.99045032887741e-05 0.00478887068038608
ZT3D7_G11566 2.32591024782296 8.10782881063221 6.24179677512373e-05 0.00494182256215084
ZT3D7_G10226 2.79064614882309 6.92028108684243 6.48600938134158e-05 0.00508626678533015
ZT3D7_G6508 3.91167413651919 6.26280801213345 6.84779708648367e-05 0.00531931709529307
ZT3D7_G4494 -3.4773222749475 5.20679791039239 6.93721009849643e-05 0.00533841008888034
ZT3D7_G6120 3.19017753490796 6.42780597825598 7.13470998227169e-05 0.00543955574018751
ZT3D7_G6706 2.87296026266639 6.9723320536363 7.66914492996804e-05 0.00579337058287678
ZT3D7_G6301 7.08749879674619 6.234777002835 7.81994588026207e-05 0.00585358494346163
ZT3D7_G6104 4.42245583706837 6.62985988622507 8.09222967671109e-05 0.0060028305547783
ZT3D7_G902 1.57187122789155 10.1208612513961 8.5618906930123e-05 0.00629451856841636
ZT3D7_G4714 6.46123148673707 5.78310150989442 8.72558348098396e-05 0.00635809330817893
ZT3D7_G9626 2.23433508759165 7.92588070206994 9.07432920279213e-05 0.00655421286454302
ZT3D7_G8853 -3.90351109855713 4.95450323567584 9.32212178890817e-05 0.00667463920085825
ZT3D7_G9716 -2.63729215590368 5.84632718583412 9.46415329097592e-05 0.0067179170860255
ZT3D7_G4307 2.67592678204636 6.83282927992175 0.000103558503230507 0.00725191629006059
ZT3D7_G4343 6.48686674221675 5.80126506622628 0.000103925931774004 0.00725191629006059
ZT3D7_G5548 -2.09900289925607 6.97086830916165 0.000105146135502613 0.00727540571200431
ZT3D7_G8871 3.9652087112787 6.29356540328694 0.000116238641623954 0.00797590812609696
ZT3D7_G3995 -4.11306942877873 5.38527394268418 0.000120851179484844 0.00822387282543971
ZT3D7_G10378 -2.00335945912913 6.99947280291205 0.000123947758712403 0.00836545774785184
ZT3D7_G8560 1.83396320316921 8.01833882003025 0.000130337087160271 0.0087251672819323
ZT3D7_G531 -1.39247613859297 12.8764325185422 0.00014033684276735 0.00931881905924483
ZT3D7_G4704 1.80164289395108 7.95217884712403 0.000154051610522076 0.0101476876883102
ZT3D7_G3687 7.22242949834977 6.37437602181254 0.000155641494866849 0.0101710481645526
ZT3D7_G7861 -1.89602776899471 8.49827586379102 0.000164508196087927 0.010665830603055
ZT3D7_G2409 1.23245116815199 10.124798115372 0.000166727601875596 0.0107252740144036
ZT3D7_G9291 2.03198571926427 8.78260891594938 0.000177764393686414 0.0113466047877049
ZT3D7_G3602 6.36434844360891 5.71346667609236 0.000181430282175537 0.0114915149494875
ZT3D7_G6330 1.82187062416197 7.70943870496097 0.000186181440387609 0.0117024273294013
ZT3D7_G7069 2.1692283542652 7.68787537054631 0.000195305698330215 0.012182932727659
ZT3D7_G3474 1.18785308779978 11.5045861799576 0.000198034636312937 0.0122602796646671
ZT3D7_G2147 -3.34976066242359 5.13008272858316 0.000218782197974914 0.0133504633508434
ZT3D7_G3821 6.52660223028697 5.83852192338975 0.000218886634972536 0.0133504633508434
ZT3D7_G7055 1.52768439056998 8.45538715574266 0.000227871654704003 0.0137962882708291
ZT3D7_G10336 6.39701298914625 5.73649077552866 0.000248493703963987 0.0149350157550326
ZT3D7_G7601 3.66178657717651 6.07761581003916 0.000254075392208776 0.0151582819998935
ZT3D7_G4559 -1.86920801204646 6.79247834776883 0.000255890356811416 0.0151582819998935
ZT3D7_G6346 2.830287574768 6.59476813738965 0.000258375322433614 0.0151961600351313
ZT3D7_G595 1.61055013705423 8.29574456898325 0.000264927986482818 0.0154710428418406
ZT3D7_G4725 6.37288317339705 5.71882317061756 0.00026980002507849 0.0156446014541992
ZT3D7_G9562 3.15917653835143 6.39904148303842 0.000273827685693932 0.0157048000120471
ZT3D7_G11317 -2.24659814703497 5.87502277910263 0.00027465280565154 0.0157048000120471
ZT3D7_G361 -1.57610379726357 10.622351433445 0.000278638155590282 0.0158228039526233
ZT3D7_G1718 2.60495597131376 7.00716827234905 0.000294436737062264 0.0166054252943197
ZT3D7_G3311 3.92835884376162 6.2506622541087 0.000306971669281384 0.0171945899650538
ZT3D7_G3652 -1.85221283948759 7.47842359254205 0.000310135678195463 0.0172544403666314
ZT3D7_G1578 -1.69738051006245 9.38021769205689 0.000316874460691032 0.017511035633087
ZT3D7_G9703 2.81656799245519 6.92115897863807 0.000319215780751514 0.0175228182580531
ZT3D7_G11400 2.59676679472005 6.76374727903329 0.000333447012983911 0.0181827993702617
ZT3D7_G7236 6.41190052807868 5.74661224395632 0.000336813473358713 0.0182455403923398
ZT3D7_G2250 6.79174730127669 6.03538205234783 0.000341580801165847 0.0182639823590822
ZT3D7_G862 1.73570108272881 7.89806777981195 0.000341590148566756 0.0182639823590822
ZT3D7_G296 2.96843644470441 7.07991088260116 0.000347741649499626 0.0184323383084255
ZT3D7_G7142 6.37506622370778 5.72691390634687 0.000349216028189746 0.0184323383084255
ZT3D7_G3594 1.73661010391272 10.376082760711 0.000365245547959131 0.0191556168273598
ZT3D7_G2246 6.250244442558 5.63006195097446 0.000375155039912264 0.0195508012571999
ZT3D7_G9533 1.68301295256634 7.69349743212598 0.000383223748092242 0.0198456876842234
ZT3D7_G6691 6.3944471204928 5.73332951091728 0.000405278075690645 0.0208566229702298
ZT3D7_G5245 6.28402801729341 5.64890737180598 0.00041080273022212 0.0210096253456456
ZT3D7_G4484 1.83713312537334 7.51155018577843 0.000414882327536888 0.02108729064777
ZT3D7_G776 3.50459872367352 5.94825638291685 0.000423502939016571 0.0213933938641868
ZT3D7_G11461 -1.88194798307978 7.22712641223726 0.000431654044695959 0.0216721914879666
ZT3D7_G9385 -1.88094784516327 7.74311463126141 0.000438035203507462 0.0218592840344269
ZT3D7_G3979 1.95392510654104 7.24836516584638 0.000472790002403908 0.0234515233722517
ZT3D7_G11416 6.32208373434211 5.682110545208 0.000478460975864583 0.0235907046423292
ZT3D7_G6752 -2.11675884033866 8.99375142955992 0.000487082215088524 0.0238728271371364
ZT3D7_G2410 1.91622167377649 7.68646394528718 0.000493342231676737 0.023918404425032
ZT3D7_G1105 -1.95863290826075 6.85624404574344 0.000493821806200563 0.023918404425032
ZT3D7_G7465 -1.92234725041076 7.79858799959606 0.000517760556552104 0.024931230541813
ZT3D7_G10212 2.10227993926594 7.48071944837203 0.000528746427964134 0.0251036102585699
ZT3D7_G10601 6.21604772437858 5.6062252020456 0.000529657335824427 0.0251036102585699
ZT3D7_G4621 -1.40011177674519 10.3654560615202 0.000530486784672233 0.0251036102585699
ZT3D7_G8663 3.47986262010987 5.93134109039732 0.00054306543405468 0.0255520044800356
ZT3D7_G10725 2.66928775840969 6.79813814764937 0.000561194195448039 0.0262549602574952
ZT3D7_G1405 2.58663196384693 7.7340100468773 0.000582325474536794 0.0270575885783994
ZT3D7_G6880 -1.46150223109487 8.00307916945443 0.000584922366645019 0.0270575885783994
ZT3D7_G8564 2.1552687080268 8.10110225364223 0.000606840840477282 0.027914678661955
ZT3D7_G488 1.75418624674609 7.85975774293915 0.000621430836032827 0.0284270083549683
ZT3D7_G7735 -4.98857352337831 4.79127660694797 0.000640194359586326 0.0291235378830597
ZT3D7_G4308 6.13695495022734 5.55075499118282 0.000644886683764178 0.0291758074401881
ZT3D7_G8547 1.65316873636875 8.60170015381433 0.000656702991748811 0.029548046087758
ZT3D7_G9984 6.24702120106065 5.62816841738088 0.000677999443518391 0.030313905989026
ZT3D7_G8929 6.28327438955941 5.65477709246402 0.000681608902599463 0.030313905989026
ZT3D7_G5369 2.9321966905203 6.24636099946344 0.000684768826081957 0.030313905989026
ZT3D7_G2538 2.60331424818775 6.42407307728142 0.000705614389350394 0.0308586795776137
ZT3D7_G4111 1.64735063980525 7.57325969449546 0.000710277218337665 0.0308586795776137
ZT3D7_G8561 2.32324650522105 6.81145151139078 0.000711144626375259 0.0308586795776137
ZT3D7_G9989 -3.90770624947234 4.64470474743159 0.000712065717724872 0.0308586795776137
ZT3D7_G9953 3.52533457948494 5.96348721983957 0.00071720097467247 0.0309184964683409
ZT3D7_G6932 2.43166464147191 6.62252456891344 0.000736235431172262 0.0315737632305855
ZT3D7_G5657 6.24388022547527 5.62577829968599 0.000753318201934525 0.0321389744804605
ZT3D7_G3794 3.37719164626356 5.85841245031243 0.000761281048200486 0.0323112791282619
ZT3D7_G10928 2.47101175532309 6.33359656202351 0.000770062976821806 0.0325164028264141
ZT3D7_G1000 2.48656411502382 6.34482683945488 0.000775558240549747 0.0325796165780448
ZT3D7_G6347 3.01827382789731 6.32384641987624 0.000779473459542729 0.0325796165780448
ZT3D7_G6937 1.85951856067045 8.26913150597096 0.000789773893968013 0.0328434254693567
ZT3D7_G6036 1.22612129688203 11.5052215450686 0.000844801949515133 0.0349552726246613
ZT3D7_G6317 6.22499303592216 5.62144191601249 0.000866925512311062 0.0356913233418464
ZT3D7_G2411 6.15847767080575 5.5628908657381 0.000874758634831341 0.0358346397970212
ZT3D7_G4450 6.06727532245229 5.50190870455476 0.000924040175259602 0.0373948294995204
ZT3D7_G843 5.91969694006654 5.39998436894439 0.00092597309208609 0.0373948294995204
ZT3D7_G1120 -1.29847694737238 9.90820077046324 0.000926468935863754 0.0373948294995204
ZT3D7_G9751 -1.28358404144593 12.1115631766668 0.000931227608587154 0.0374035518493006
ZT3D7_G9633 1.77251345475127 7.70060446013894 0.000948196933679315 0.0379002599607547
ZT3D7_G4300 5.98286387614183 5.4413660121674 0.000966674818599049 0.0384521761176066
ZT3D7_G10632 6.19757204053497 5.5853929215928 0.000975576915459059 0.0386197130860091
ZT3D7_G78 3.53225213600014 5.98319667727693 0.000997069570183561 0.0392816786645524
ZT3D7_G10922 5.98112112779564 5.44284057284916 0.00101098955848155 0.0396404191644622
ZT3D7_G8259 5.86021643388761 5.35928793933517 0.0010355465815614 0.0402990440942055
ZT3D7_G6970 2.85119598247077 6.1729093027333 0.00104176668487357 0.0402990440942055
ZT3D7_G10677 2.0979987595885 6.86982978707051 0.00104246980714911 0.0402990440942055
ZT3D7_G3692 -3.12554039309649 4.99116037815441 0.00105139440613593 0.0404541193463705
ZT3D7_G8774 3.56158245860427 6.00489474448219 0.00106642829412558 0.0406675846642984
ZT3D7_G1150 6.38131583644346 5.72752967288627 0.00107167236653524 0.0406675846642984
ZT3D7_G10070 3.29829786573249 5.80152215612624 0.00107175927521894 0.0406675846642984
ZT3D7_G9215 6.21211804762543 5.60074726278076 0.00108192839346112 0.0407900854862202
ZT3D7_G3185 3.42396645125123 5.88878167337285 0.00108715869128028 0.0407900854862202
ZT3D7_G10319 2.87327670102519 6.18768380666152 0.0010898492600156 0.0407900854862202
ZT3D7_G6116 3.27611457605549 6.52471656392308 0.00110233361125502 0.0410706559053116
ZT3D7_G1787 6.16245982065113 5.56763238026639 0.00111405597835827 0.0413204366027119
ZT3D7_G5513 2.38157803202885 7.07300691089039 0.00114158612266161 0.0421516597937028
ZT3D7_G1770 6.1001327024109 5.52472285709063 0.00115708905626795 0.0425333539701354
ZT3D7_G10477 6.1781048682619 5.57904744462844 0.0011959287026704 0.0437656752790582
ZT3D7_G2501 2.85384485829112 6.17674722852582 0.00122173483413256 0.0445122328506526
ZT3D7_G8744 -1.5943117980615 6.94623342616852 0.00123475581067732 0.044666103826393
ZT3D7_G9352 -1.78608723047479 7.93218980512649 0.00123680734423337 0.044666103826393
ZT3D7_G5496 2.95243403450328 6.26025926974018 0.0012494135079068 0.0448018402212135
ZT3D7_G8496 5.82417808630384 5.33480963407129 0.00125365023274957 0.0448018402212135
ZT3D7_G2245 5.8863517195073 5.37719606102963 0.00126196742003568 0.0448018402212135
ZT3D7_G11064 2.36377388231822 6.5887255125873 0.00126233020783599 0.0448018402212135
ZT3D7_G5896 -1.97848714732477 6.57471076817638 0.00128647314030116 0.0450417759033201
ZT3D7_G10267 2.38293036972921 7.04717403106579 0.00128799663782784 0.0450417759033201
ZT3D7_G7285 -2.42804741990049 5.95776301371997 0.00128851531329942 0.0450417759033201
ZT3D7_G3312 2.71708211069117 6.07665781344673 0.0012909714735467 0.0450417759033201
ZT3D7_G10595 2.95156907261944 6.28046075796566 0.00129911148360567 0.0451345314599538
ZT3D7_G7188 2.83225408133424 6.17281181344182 0.00131153994744974 0.0453748736441225
ZT3D7_G11453 6.09391982870993 5.52025000065276 0.00133935478400432 0.045983015585976
ZT3D7_G6702 1.59597595227044 8.49773904483283 0.00134028707075956 0.045983015585976
ZT3D7_G1666 2.06950949937755 7.340779628443 0.00139177327721796 0.0474055434693796
ZT3D7_G332 1.81162652047751 7.25510876537825 0.00139326469754553 0.0474055434693796
ZT3D7_G9638 1.80211757071358 7.60820952503288 0.00142448007698337 0.0482526534866696
ZT3D7_G10355 6.08519915886924 5.51449492445168 0.00142988188617287 0.0482526534866696
ZT3D7_G2659 3.41303918942831 5.89470312058537 0.00146378522037396 0.0490900346569612
ZT3D7_G5868 2.1993883109912 6.73101177046523 0.00146661993267093 0.0490900346569612
ZT3D7_G9607 1.4259046611727 8.25070692203364 0.00149627749436924 0.0498799550147219
